#botstudio 4.0
#e-puck

S;0;turn left;267;124;0;2;2;2;2;2;2;2;2;0;2;-25;25;
S;1;return;-30;128;0;2;2;2;2;2;2;2;2;0;2;25;-25;
S;2;turn right;-318;-42;0;2;2;2;2;2;2;2;2;0;2;25;-25;
S;3;forward;-16;-126;1;2;2;2;2;2;2;2;2;0;2;25;25;
T;4;wait;327;-154;0;3;0;0;0;0;0;0;0;0;0;0;0;0;0;0;0;0;0;0;0;0;0;0;4;0;0;0;
T;5;wait;-56;5;1;3;0;0;0;0;0;0;0;0;0;0;0;0;0;0;0;0;0;0;0;0;0;0;4;0;0;0;
T;6;wait;-260;-195;2;3;0;0;0;0;0;0;0;0;0;0;0;0;0;0;0;0;0;0;0;0;0;0;4;0;0;0;
T;7;front - left obstacle;-213;-129;3;2;0;0;0;0;0;0;0;0;0;0;0;0;2;0;2;0;0;0;0;0;0;0;0;0;0;0;
T;8;front obstacle;12;3;3;1;2;0;0;0;0;0;0;0;0;0;0;0;0;0;2;0;0;0;0;0;0;0;0;0;0;0;
T;9;front - right obstacle;140;1;3;0;0;0;4;0;4;0;0;0;0;0;0;0;0;0;0;0;0;0;0;0;0;0;0;0;0;0;
T;10;left obstacle;-178;-54;3;2;0;0;0;0;0;0;0;0;0;0;2;0;2;0;0;0;0;0;0;0;0;0;0;0;0;0;
T;11;right obstacle;213;-60;3;0;0;0;2;0;2;0;0;0;0;0;0;0;0;0;0;0;0;0;0;0;0;0;0;0;0;0;
